deal_type:2
flats:yes
currency:2
room1:1
room2:1
engine_version:2
in_polygon[0]:55.720944_37.612352,55.720944_37.625956,55.725037_37.625956,55.725037_37.612352
_:1485591943579